86
31
83
87
27
63
84
40
84
87
28
62
55
96
87
101
86
26
81
5
23
58
101
39
11
99
36
81
1
41
47
81
19
34
65
59
79
67
48
87
25
87
94
62
58
70
46
3
91
89
16
24
12
31
8
8
67
81
36
55
71
49
55
32
87
25
78
76
50
98
4
87
93
16
92
70
2
69
55
17
77
22
91
3
55
24
59
67
98
85
68
47
56
40
72
54
99
87
65
79
24
53
69
77
96
22
97
17
61
98
63
20
95
62
52
9
67
43
18
4
83
76
48
28
54
39
93
34
57
100
67
26
99
18
84
26
38
23
1
44
72
86
25
27
79
78
67
53
9
16
85
89
30
43
5
11
76
30
41
32
98
69
52
35
43
98
66
63
62
77
12
62
70
87
52
24
50
82
31
89
78
95
98
7
32
90
61
43
42
50
18
17
16
32
71
28
54
29
48
20
72
35
39
65
7
34
57
40
15
46
50
36
1
57
35
80
98
16
27
62
94
34
75
8
8
26
39
26
39
91
91
79
20
9
94
41
26
56
83
95
75
85
61
12
54
98
9
41
77
21
74
94
96
48
48
43
7
52
45
41
76
15
36
58
45
60
92
93
51
60
86
100
6
58
98
68
87
3
43
42
52
46
31
0
0
30
18
62
92
98
66
33
21
4
83
86
30
15
82
1
89
6
39
36
8
78
81
39
85
52
86
30
98
63
60
23
79
18
67
85
17
12
59
86
70
10
48
43
100
29
68
53
12
84
58
19
54
3
33
19
75
75
74
88
32
76
96
58
35
47
79
76
39
46
31
28
29
87
16
83
6
20
96
26
54
57
15
5
53
35
73
41
50
45
6
78
94
89
96
39
75
79
57
97
57
14
64
98
65
20
81
60
99
22
78
24
17
72
92
8
47
28
30
74
11
10
92
0
55
8
41
51
77
18
85
15
40
72
58
47
89
85
27
8
43
29
82
83
7
89
18
28
78
6
30
45
69
0
95
99
91
12
57
74
77
37
21
30
81
15
83
42
79
10
59
69
32
41
46
86
9
100
33
17
96
64
11
64
100
4
60
54
80
31
7
35
74
36
51
53
10
14
49
1
98
34
20
84
75
89
11
19
24
62
100
31
39
40
16
69
33
19
34
24
18
28
76
15
52
60
83
37
58
16
9
71
54
63
8
82
84
27
11
6
91
27
48
33
20
9
27
56
80
10
57
67
94
70
1
75
85
16
69
1
92
76
3
80
11
80
37
8
23
89
75
77
57
57
95
88
93
79
57
36
45
44
28
13
68
24
80
12
38
95
88
30
100
96
100
81
27
14
66
46
71
80
73
74
25
98
85
100
14
90
64
41
97
48
83
95
72
44
94
70
42
22
64
54
84
4
4
96
11
4
2
31
18
28
66
43
7
26
59
55
95
0
27
100
0
14
90
93
31
83
65
1
51
67
92
90
38
61
13
89
30
32
32
89
1
2
18
35
18
8
22
101
92
15
25
30
53
90
39
16
36
32
46
60
55
21
70
63
42
18
95
7
12
59
39
86
26
51
77
22
63
93
76
21
0
26
65
74
8
20
35
3
65
11
58
64
36
27
14
82
19
2
96
96
82
45
94
23
66
27
37
97
53
79
15
89
89
57
3
18
7
81
32
43
58
95
36
14
44
3
4
98
47
85
28
53
7
13
86
44
93
87
18
84
0
86
80
82
94
77
65
36
54
58
7
67
90
74
16
34
64
43
72
15
6
37
17
38
93
16
0
0
33
92
72
101
71
10
37
98
79
48
59
91
11
73
16
78
45
52
32
77
47
55
6
71
53
25
23
101
27
12
53
13
57
38
33
61
85
22
67
31
71
51
100
3
57
7
80
76
20
60
56
47
80
48
85
31
53
15
4
11
46
35
11
90
15
21
71
36
63
73
91
27
98
81
21
31
33
67
66
45
85
52
3
82
61
7
55
42
28
77
12
80
30
3
5
95
91
89
58
99
20
55
48
92
90
51
100
20
0
22
21
63
21
43
35
24
36
77
15
19
48
18
66
72
59
0
75
55
78
96
82
28
0
31
4
24
10
45
5
94
69
24
85
99
77
33
12
39
69
2
89
6
83
80
40
0
50
85
65
5
61
96
73
20
83
58
20
51
27
79
49
4
23
15
0
39
78
73
21
68
96
58
48
99
42
100
16
34
82
47
71
88
50
49
15
46
84
27
26
10
49
58
6
29
92
101
34
91
32
55
97
24
95
26
84
7
9
19
12
16
81
42
93
39
49
94
33
5
34
18
97
34
48
88
62
42
69
17
75
89
94
96
43
41
25
63
73
19
13
27
22
67
36
76
5
18
25
62
75
39
11
35
52
30
89
52
99
6
62
62
0
75
2
30
30
41
23
49
75
84
14
84
57
10
82
94
78
0
88
43
92
38
14
67
43
1
52
33
31
12
49
59
5
11
90
16
65
47
51
70
68
101
42
33
90
70
45
15
77
46
88
12
27
43
72
86
96
37
17
49
21
10
49
67
57
79
95
49
9
27
96
5
62
63
44
73
35
28
8
101
51
37
12
40
60
25
2
18
68
76
91
85
28
55
40
79
61
22
98
71
64
91
30
11
25
30
34
13
6
51
72
100
33
65
21
76
54
94
81
13
30
41
82
2
74
87
46
64
57
85
48
68
27
50
54
72
37
98
94
39
96
25
79
95
59
101
81
95
7
97
64
21
64
80
56
14
14
81
16
62
79
49
32
76
44
65
100
19
9
62
91
23
33
27
15
47
88
48
97
58
98
7
72
38
19
67
84
24
67
98
4
41
80
41
5
101
93
32
18
81
15
100
71
24
71
60
64
0
99
35
52
65
1
64
22
92
77
70
2
3
44
25
49
89
101
41
78
6
58
11
78
13
38
68
27
17
19
9
81
3
59
59
22
58
41
59
63
13
87
51
55
92
74
96
